device_id=1.1621698468.1.1.utmcsr=(direct)|utmccn=(direct)|utmcmd=(none)
s=ck118etc0x
acw_tc=2760820316216982081808277e94d33613c087428e88efb79d8af3e4dbdb57
Hm_lvt_1db88642e346389874251b5a1eded6e3=1621698210
xq_a_token=a9b6979e5479445ff5a940299f76da719209514d
xqat=a9b6979e5479445ff5a940299f76da719209514d
xq_r_token=d509dac122f7489da7a0f6fdb1cb88b117c134a8
xq_id_token=eyJ0eXAiOiJKV1QiLCJhbGciOiJSUzI1NiJ9
xq_is_login=1
u=6231409719
bid=416c9ded3d41533d33a162515c15c4bc_kozxe9ud
__utma=1.984048591.1621698468.1621698468.1621698468.1
__utmc=1
__utmz=1.1621698468.1.1.utmcsr=(direct)|utmccn=(direct)|utmcmd=(none)	
Hm_lpvt_1db88642e346389874251b5a1eded6e3=1621699048
__utmb=1.11.10.1621698468